TIME MEM VIRT RES SHR CPU FREE SWAP
0:00.16 0,7 223148 3460 2748 87,5 63,1 820,0
0:01.74 1,9 228692 9004 2748 93,8 57,6 820,0
0:03.33 3,0 234368 14808 2748 99,9 52,0 820,0
0:04.92 4,2 239912 20352 2748 99,9 46,6 820,0
0:06.51 5,3 245588 25896 2748 99,9 41,1 820,0
0:08.08 6,5 251000 31440 2748 94,1 35,8 820,0
0:09.67 7,6 256544 36984 2748 94,1 30,3 820,0
0:11.25 8,7 262088 42528 2748 99,9 25,0 820,0
0:12.85 9,9 267764 48072 2748 99,9 19,4 820,0
0:14.44 11,0 273308 53616 2748 99,9 13,7 820,0
0:16.02 12,2 278852 59160 2748 93,8 8,3 820,0
0:17.60 13,3 284396 64704 2748 99,9 6,6 819,7
0:19.19 14,4 289940 70216 2716 94,1 6,1 819,7
0:20.79 15,6 295616 75780 2480 99,9 5,7 819,5
0:22.36 16,7 301292 81324 2480 93,3 5,5 818,2
0:23.98 18,0 307496 87660 2480 93,8 6,4 816,7
0:25.56 19,2 313040 93204 2480 99,9 5,9 816,7
0:27.11 20,3 318584 98748 2480 94,1 5,6 816,7
0:28.68 21,5 324128 104292 2480 94,4 5,8 816,7
0:30.25 22,6 329672 109836 2480 94,1 5,9 816,7
0:31.84 23,7 335216 115380 2480 99,9 5,6 816,5
0:33.41 24,9 340760 120924 2480 94,4 5,9 816,5
0:34.98 26,0 346304 126468 2480 99,9 5,8 816,5
0:36.55 27,2 351716 132012 2480 94,1 5,7 816,5
0:38.10 28,2 357260 137292 2480 88,2 5,4 816,2
0:39.68 29,4 362804 142836 2480 88,9 6,0 816,0
0:41.28 30,5 368348 148380 2480 88,9 5,7 816,0
0:42.87 31,7 373892 153924 2480 88,9 5,1 815,7
0:44.46 32,9 379568 159732 2480 88,2 5,7 815,7
0:46.04 34,0 385112 165276 2480 99,9 5,6 814,7
0:47.62 35,1 390524 170556 2480 99,9 5,5 814,0
0:49.19 36,2 396068 176100 2480 94,1 6,2 812,2
0:50.80 37,2 402272 181068 2480 99,9 5,5 810,7
0:52.38 38,1 407816 185444 2480 99,9 5,5 809,2
0:53.95 39,1 413360 190036 2480 99,9 5,6 808,5
0:55.53 40,1 418904 194888 2480 99,9 6,5 807,7
0:57.11 41,2 424580 200188 2480 99,9 5,9 807,7
0:58.68 42,3 430124 205732 2480 99,9 6,1 807,5
1:00.25 43,5 435536 211272 2476 99,9 5,0 807,5
1:01.82 44,6 441080 216816 2476 99,9 5,6 806,2
1:03.57 45,5 447284 221352 2332 99,9 5,5 805,5
1:05.14 46,7 452696 226896 2332 94,1 6,4 805,5
1:06.72 47,8 458240 232440 2332 88,9 6,2 805,2
1:08.30 48,9 463784 237984 2332 99,9 6,0 803,0
1:09.87 49,5 469196 240672 2332 99,9 6,2 801,2
1:11.47 50,5 475268 245588 2332 94,1 6,2 798,2
1:13.11 51,0 481076 247844 2332 93,3 5,9 793,5
1:14.85 51,9 487148 252156 2332 99,9 6,0 791,7
1:16.45 53,1 492692 257964 2332 94,4 5,0 788,7
1:18.05 53,6 498500 260688 2332 94,1 8,7 783,0
1:19.60 53,9 503912 262284 2332 88,9 5,0 780,5
1:21.17 54,7 509324 265908 2332 93,8 6,4 773,7
1:22.87 55,2 515924 268168 2332 93,3 6,0 768,7
1:24.45 56,3 521468 273680 2332 93,8 6,2 766,0
1:26.40 57,5 528332 279468 2332 99,9 6,3 760,0
1:28.17 57,5 534404 279768 2332 88,9 6,3 752,2
1:29.81 58,6 540080 285000 2332 93,8 5,4 749,2
1:31.39 59,4 545624 288892 2332 94,4 6,1 745,7
1:32.93 59,9 550772 291088 2332 88,2 8,3 739,7
1:34.68 60,1 557240 292308 2332 93,8 6,1 733,5
1:36.24 60,9 562916 295924 2332 94,4 5,7 730,0
1:37.80 61,3 568196 298052 2332 99,9 4,5 726,0
1:39.28 62,1 573872 301956 2300 99,9 5,7 717,0
1:40.93 62,8 579680 305464 2300 88,9 4,3 713,7
1:42.47 63,0 585092 306444 2300 94,1 4,3 707,0
1:44.00 63,1 590372 306840 2300 99,9 5,5 703,2
1:45.58 63,8 596444 310396 2300 93,3 6,1 697,0
1:47.73 64,5 604628 313524 2276 94,4 6,0 684,7
1:49.47 64,5 610964 313424 2276 99,9 5,1 679,7
1:51.01 64,6 616376 313972 2276 88,2 5,8 675,7
1:52.58 64,9 622448 315556 2276 83,3 5,7 667,0
1:54.16 64,9 627992 315316 2276 99,9 5,6 660,7
1:56.08 64,9 634724 315644 2276 94,1 5,6 654,7
1:57.66 64,8 640268 315104 2276 93,3 5,6 650,2
1:59.23 64,9 645812 315512 2276 99,9 4,9 644,5
2:00.81 65,3 651488 317300 2276 94,1 5,7 641,0
2:02.49 65,5 657296 318404 2276 99,9 6,0 634,2
2:04.03 65,4 662708 317996 2276 99,9 6,2 630,2
2:05.59 66,0 668120 320796 2276 93,8 6,0 625,7
2:07.30 65,7 674192 319384 2268 90,0 5,6 617,2
2:08.95 66,2 679868 321820 2268 99,9 6,2 611,7
2:10.52 66,3 685412 322116 2268 99,9 5,8 607,2
2:12.12 66,8 691088 324820 2268 99,9 6,3 600,7
2:13.73 66,6 696764 323740 2268 99,9 5,8 596,0
2:15.29 66,7 702308 324296 2268 93,8 5,9 591,2
2:16.94 67,0 708380 325556 2268 94,1 7,7 582,7
2:18.49 66,8 713924 325020 2268 88,9 5,7 580,0
2:20.05 66,9 719468 325412 2268 87,5 5,0 575,0
2:21.65 67,2 725144 326684 2268 93,8 5,8 566,0
2:23.28 66,8 730820 325012 2268 99,9 8,1 558,7
2:24.84 67,0 736232 325780 2268 94,1 5,8 557,0
2:26.44 66,9 741908 325480 2268 88,9 6,1 552,5
2:28.02 67,5 747452 328068 2268 94,1 5,9 548,2
2:29.61 67,6 753128 328732 2268 99,9 7,8 542,2
2:31.26 67,9 758936 330260 2260 88,9 5,8 532,2
2:33.22 67,3 765800 327340 2260 88,2 5,7 527,0
2:34.83 67,4 771476 327640 2260 99,9 5,7 523,0
2:36.41 67,6 777020 328568 2260 94,1 5,7 516,2
2:38.00 67,4 782564 327724 2260 99,9 5,9 509,7
2:39.60 67,0 788108 325692 2260 93,8 5,0 505,5
2:41.17 67,5 793784 328136 2260 94,1 5,9 499,5
2:42.97 67,9 800648 329972 2260 99,9 6,7 493,2
2:44.74 67,2 806720 326776 2216 99,9 5,8 484,7
2:46.29 67,1 812264 326360 2216 99,9 5,5 480,5
2:47.88 67,3 817940 327212 2216 88,9 5,9 476,0
2:49.45 67,1 823748 326176 2216 99,9 5,9 468,5
2:51.03 67,3 829424 327180 2216 93,8 5,9 464,0
2:52.69 67,7 835100 329260 2216 91,7 5,3 459,5
2:54.35 67,5 841040 328288 2216 88,2 5,0 454,7
2:56.02 67,6 846848 328828 2216 93,8 6,0 447,5
2:57.56 67,8 852656 329588 2216 88,9 5,8 440,7
2:59.23 66,5 858464 323340 2216 93,8 5,7 432,5
3:00.82 67,0 864008 325920 2216 88,9 5,7 428,2
3:02.39 67,5 869420 328364 2216 99,9 6,1 425,2
3:03.97 67,6 874964 328480 2216 99,9 5,5 419,2
3:05.84 67,8 881696 329760 2216 99,9 5,8 414,2
3:07.45 67,4 887372 327832 2216 99,9 5,7 408,2
3:09.07 66,7 893048 324528 2216 93,8 6,6 399,0
3:10.66 67,7 898592 329220 2216 99,9 5,5 394,5
3:12.23 67,5 904136 327944 2216 99,9 5,7 390,5
3:13.76 67,8 909944 329460 2216 94,1 4,5 385,5
3:15.28 68,1 917336 330956 2216 94,1 4,3 379,2
3:16.85 68,1 923012 331036 2216 99,9 5,5 375,0
3:18.45 68,4 929216 332436 2216 99,9 5,4 369,2
3:19.99 68,3 936080 332084 2216 83,3 5,6 359,0
3:21.60 67,6 941624 328700 2216 93,3 5,8 354,2
3:23.17 67,8 947432 329800 2216 99,9 5,9 349,5
3:24.74 68,1 952844 331036 2216 93,8 5,8 346,0
3:26.30 68,6 958388 333532 2216 99,9 5,9 341,5
3:27.90 68,6 963932 333580 2216 93,8 5,6 333,7
3:29.62 68,8 970004 334380 2216 99,9 5,7 331,0
3:31.21 68,8 975548 334744 2216 99,9 5,9 324,0
3:32.79 69,1 981356 335804 2216 93,3 8,9 316,2
3:34.43 69,0 987032 335380 2216 94,1 5,7 316,2
3:36.04 68,2 992708 331696 2216 99,9 5,8 301,0
3:37.62 68,1 998384 331320 2216 99,9 5,7 300,2
3:39.21 68,6 1004456 333684 2216 94,1 5,2 296,5
3:40.80 68,8 1010000 334388 2216 99,9 6,5 290,7
3:42.40 69,1 1015676 335784 2216 93,8 6,2 286,7
3:43.97 69,3 1021220 337160 2216 94,1 5,7 282,0
3:45.60 69,0 1026896 335672 2216 99,9 5,5 271,5
3:47.34 68,3 1032968 332068 2216 99,9 5,8 267,0
3:48.88 68,6 1038380 333572 2216 87,5 5,6 263,0
3:50.48 68,9 1044056 335112 2216 99,9 6,1 258,2
3:52.06 68,8 1049468 334540 2216 94,4 5,2 253,7
3:53.63 69,4 1055012 337256 2216 94,1 8,3 245,7
3:55.31 68,9 1060952 334760 2216 99,9 5,5 238,5
3:56.91 68,5 1066496 332816 2216 94,4 6,0 233,0
3:58.48 68,5 1072040 333084 2216 94,4 5,8 223,5
4:00.58 67,8 1079432 329400 2216 88,9 5,1 219,5
4:02.14 68,2 1084976 331500 2216 94,1 5,7 213,5
4:03.79 66,7 1090652 324228 2216 93,8 5,4 203,2
4:05.40 67,7 1096460 329080 2216 99,9 5,7 198,2
4:06.97 67,6 1102928 328844 2216 88,2 5,8 194,5
4:08.56 67,8 1108472 329708 2216 94,1 5,9 191,0
4:10.12 68,3 1114016 332100 2216 87,5 5,5 187,0
4:11.71 68,8 1119560 334736 2216 94,1 9,4 180,2
4:13.34 68,5 1125368 332896 2216 93,8 5,6 175,7
4:14.99 67,2 1131044 326860 2216 94,1 5,6 166,2
4:16.55 68,3 1136588 332140 2216 88,2 5,6 165,2
4:18.13 68,6 1142132 333396 2216 94,1 5,7 154,7
4:19.67 68,3 1147940 331836 2216 94,1 6,2 154,7
4:21.22 69,0 1154540 335704 2216 93,8 5,8 151,0
4:22.83 68,5 1161272 333144 2216 99,9 6,4 139,0
4:24.42 68,4 1168136 332792 2212 99,9 5,6 133,5
4:25.95 68,2 1174208 331512 2212 93,8 8,5 120,7
4:27.50 67,7 1179752 329244 2212 99,9 5,4 120,7
4:29.07 68,5 1186220 333244 2212 88,2 5,6 118,5
4:30.63 68,8 1191896 334348 2212 99,9 6,1 112,0
4:32.24 68,8 1197968 334328 2212 94,4 5,6 100,0
4:33.84 68,5 1204436 332924 2212 99,9 6,0 100,0
4:35.41 68,9 1209980 334812 2212 99,9 5,6 87,5
4:37.01 68,2 1215920 331424 2212 88,2 5,1 82,0
4:38.58 68,1 1221332 331152 2212 88,2 6,4 82,0
4:40.12 68,7 1226876 333980 2212 93,8 5,6 79,2
4:41.68 69,0 1232816 335416 2212 94,1 5,4 73,2
4:43.25 69,3 1238492 336784 2212 94,4 4,9 69,2
4:45.20 68,8 1245488 334708 2208 99,9 4,4 54,2
4:46.77 67,8 1251164 329664 2208 88,9 5,0 51,0
4:48.32 68,1 1256972 330920 2208 94,1 4,9 46,5
4:49.86 68,4 1262780 332336 2208 93,3 5,3 42,0
4:51.55 68,6 1268852 333616 2208 93,8 4,9 37,2
4:53.14 68,6 1274660 333708 2208 99,9 5,9 29,7
4:54.71 68,5 1280468 333164 2208 94,4 5,1 23,0
4:56.24 68,4 1289180 332800 2208 88,2 5,5 14,2
4:57.99 68,4 1301192 332744 2208 99,9 5,8 0,3
4:59.70 69,7 1313204 338928 2184 99,9 330,4 736,0
311,5 736,0
311,5 736,0
311,5 736,0
311,5 736,0
311,5 736,0
311,5 736,0
311,5 736,0
311,5 736,0
311,5 736,0
311,5 736,0
311,3 736,0
311,3 736,0
